
#image_height: 480
#image_width: 640
image_width: 924
image_height: 24
camera_name: "fakeSickCamera"
camera_matrix:
  rows: 3
  cols: 3
  data: [335, 0.0, 462, 0.0, 101, 22, 0.0, 0.0, 1.0]
distortion_model: plumb_bob
distortion_coefficients:
  rows: 1
  cols: 5
  data: [0.0, 0.0, 0.0, 0.0, 0.0]
rectification_matrix:
  rows: 3
  cols: 3
  data: [1.0, 0.0, 0.0, 0.0, 1.0, 0.0, 0.0, 0.0, 1.0]
projection_matrix:
  rows: 3
  cols: 4  
  data: [400, 0.0, 462, 0.0, 0.0, 101, 22, 0.0, 0.0, 0.0, 1.0, 0.0]
  #data: [266.7358244, 0.0, 462, 0.0, 0.0, 91.149, 22, 0.0, 0.0, 0.0, 1.0, 0.0] ##SICK
    ##data:  [575, 0.0, 314, 0.0 0,.0, 575, 235, 0.0, 0.0, 0.0, 1.0, 0.0] ##Kinect

## projection_matrix:  data: [fx(), 0.0, cx(), 0.0, 0.0, fy(), cy(), 0.0, 0.0, 0.0, 1.0, 0.0]  --fy() nie ma wpływu na nic
